1
0
0
0
0
0
517
0
0
0
160
216
53
50
42
56
42
0
38
0
38
0
0
0
0
0
0
0
0
1
0
334
685
0
1
0
1
0
1
0
1
0
1
0
1
0
927
46
0
66
38
46
46
0
46
0
1019
46
0
0
46
0
347
53
0
46
46
0
0
0
0
200
0
1386
1386
0
1386
1233
0
214
0
0
196
107
389
1386
1386
1386
1386
1386
1386
0
1386
1293
0
214
0
1386
1386
1386
1386
1386
811
107
437
0
0
0
85
277
1386
1386
0
1386
1386
0
1386
1386
1386
0
1386
0
1386
1386
0
1386
1367
0
367
1386
1386
1386
1386
1386
1112
0
186
0
1029
0
0
0
334
685
0
63
0
0
0
0
0
0
0
200
1386
1386
0
1386
1233
0
214
107
389
1386
1386
1386
1386
0
1386
1386
0
1386
1386
1386
811
0
0
0
85
277
1386
1386
0
1386
1367
0
367
186
0
1029
0
0
0
1
0
1
0
1
0
1
0
0
0
0
223
0
1386
0
1386
0
889
0
126
496
258
0
0
475
0
0
1
0
0
0
0
206
1386
1386
0
1008
214
107
1189
565
0
405
0
1386
603
1386
1386
1386
23
1386
0
1163
0
0
0
405
0
1
0
1
0
334
685
0
1
0
150
46
0
0
46
0
75
53
46
0
46
0
1
0
1
0
0
0
0
517
0
160
216
53
50
42
56
38
42
0
38
0
0
1
0
1
0
334
685
0
0
0
0
1
0
1
0
0
0
0
1
0
1
0
150
46
0
0
46
0
75
53
0
46
46
0
1
0
1
0
1
0
334
685
0
1
0
1
0
0
0
0
0
198
0
1386
1386
0
233
126
242
468
0
674
34
0
63
0
0
0
0
1
0
1
0
1
0
1
0
1
0
334
685
0
63
0
0
0
0
63
0
0
0
0
1
0
150
46
0
0
46
0
75
53
0
46
46
0
1324
46
0
0
46
303
38
46
0
46
0
46
46
0
46
0
0
1
0
334
685
0
0
0
0
0
0
0
198
0
1386
1386
0
233
126
242
436
0
1
0
1386
1386
0
1386
475
34
0
1
0
63
0
0
0
0
150
46
0
0
46
0
75
53
0
46
46
0
1
0
1
0
1
0
334
685
0
1
0
1
0
150
46
0
0
46
0
75
53
0
46
46
0
1
0
334
685
0
555
46
0
0
46
74
38
0
46
0
46
0
0
0
0
204
1386
1386
0
933
214
107
1189
197
1269
245
0
334
685
0
31
0
0
1
0
1
0
1
0
150
46
0
46
75
53
0
46
46
0
46
0
46
0
0
0
33
0
33
0
0
0
0
205
0
1386
1386
0
1324
114
0
291
53
50
42
294
56
0
38
42
0
38
0
0
1
0
0
0
0
0
517
0
0
0
0
0
160
216
53
50
42
56
38
42
0
38
0
0
0
0
0
0
0
0
200
1386
1386
1386
1233
0
214
107
389
1386
1386
1386
1386
0
1386
1386
0
1386
1386
1386
811
0
0
0
85
277
1386
1386
0
1386
1367
0
367
186
0
1029
0
0
0
0
0
0
334
685
0
1
0
1
0
1
0
1
0
1
0
150
46
0
0
46
0
75
53
0
46
46
0
334
685
0
536
46
0
0
46
74
0
38
46
0
46
0
0
0
0
0
0
0
0
0
0
0
0
0
1
0
0
0
0
0
198
0
1386
1386
0
233
126
242
436
0
1386
1386
0
1386
475
34
0
1
0
1
0
1
0
334
685
0
1
0
150
46
0
0
46
0
75
53
0
46
46
0
124
268
0
1
0
1
0
1
0
1
0
334
685
0
1
0
1
0
150
46
0
0
46
0
75
99
0
46
0
1
0
1
0
1
0
1
0
535
46
0
0
46
74
0
38
46
0
46
0
334
685
0
0
0
0
0
0
0
0
517
0
517
0
0
0
0
517
517
0
160
0
160
0
160
0
160
216
216
216
216
53
50
42
56
38
42
56
42
0
56
42
56
42
0
38
0
0
0
0
